1 1 0.0
1 2 10.726301118810794
1 3 0.09653981381775804
1 4 0.8161024199065442
1 5 2.4990886774558474
1 6 0.17176108108264054
1 7 1.028613483625128
1 8 0.5381187183692115
2 1 10.726301118810794
2 2 0.0
2 3 10.684762882402019
2 4 10.102221954321193
2 5 8.373054185314533
2 6 10.742791285172727
2 7 10.485305553600025
2 8 11.017785620506276
3 1 0.09653981381775804
3 2 10.684762882402019
3 3 0.0
3 4 0.7302230590276957
3 5 2.434270207236454
3 6 0.264294603706753
3 7 0.9335277997288425
3 8 0.4927312585669609
4 1 0.8161024199065442
4 2 10.102221954321193
4 3 0.7302230590276957
4 4 0.0
4 5 1.7646250391367275
4 6 0.9430676646750552
4 7 0.591576610465865
4 8 0.9203785168323295
5 1 2.4990886774558474
5 2 8.373054185314533
5 3 2.434270207236454
5 4 1.7646250391367275
5 5 0.0
5 6 2.5692842100499242
5 7 2.112887212906556
5 8 2.683271574044349
6 1 0.17176108108264054
6 2 10.742791285172727
6 3 0.264294603706753
6 4 0.9430676646750552
6 5 2.5692842100499242
6 6 0.0
6 7 1.1975761858015916
6 8 0.6836535383336634
7 1 1.028613483625128
7 2 10.485305553600025
7 3 0.9335277997288425
7 4 0.591576610465865
7 5 2.112887212906556
7 6 1.1975761858015916
7 7 0.0
7 8 0.7774911156425952
8 1 0.5381187183692115
8 2 11.017785620506276
8 3 0.4927312585669609
8 4 0.9203785168323295
8 5 2.683271574044349
8 6 0.6836535383336634
8 7 0.7774911156425952
8 8 0.0
